2024-11-23 13:54:12, 2, 1
GlassBlock, 651.686, 165.01497, 70, 70, 1
2024-11-23 13:54:55, 2, 5
GlassBlock, 651.9115, 165.01497, 70, 70, 1
GlassBlock, 788.0, 165.0141, 70, 70, 1
GlassBlock, 683.9845, 235.03305, 70, 70, 1
GlassBlock, 754.0794, 235.0268, 70, 70, 1
GlassBlock, 717.0, 305.0524, 70, 70, 1
2024-11-23 13:59:10, 3, 5
StoneBlock, 652.0, 165.01492, 70, 70, 3
StoneBlock, 788.0, 165.01492, 70, 70, 3
StoneBlock, 683.9926, 235.02974, 70, 70, 3
StoneBlock, 754.0074, 235.02974, 70, 70, 3
StoneBlock, 717.0, 305.0446, 70, 70, 3
